      101	2015-04-21 16:40:45	1	255	1	0
      100	2015-04-21 16:40:51	1	255	1	0
      101	2015-04-24 19:50:30	1	255	1	0
      100	2015-04-28 21:01:07	1	255	1	0
      100	2015-04-28 21:01:13	1	255	1	0
      100	2015-04-28 21:01:16	1	255	1	0
      901	2015-04-28 21:14:44	1	255	1	0
      901	2015-04-28 21:14:48	1	255	1	0
      901	2015-04-28 21:14:52	1	255	1	0
      901	2015-04-28 21:14:57	1	255	1	0
      876	2015-04-28 21:15:05	1	255	1	0
      100	2015-04-28 21:15:13	1	255	1	0
      832	2015-04-28 21:15:26	1	255	1	0
      901	2015-04-28 21:17:26	1	255	1	0
      901	2015-04-28 21:17:33	1	255	1	0
      901	2015-04-28 21:17:38	1	255	1	0
      901	2015-04-28 21:25:03	1	255	1	0
      901	2015-04-28 21:28:28	1	255	1	0
      832	2015-04-28 21:29:27	1	255	1	0
      852	2015-04-28 21:36:44	1	255	1	0
      852	2015-04-28 21:36:49	1	255	1	0
      852	2015-04-28 21:36:53	1	255	1	0
      832	2015-04-28 21:46:10	1	255	1	0
      901	2015-04-28 21:51:49	1	255	1	0
      901	2015-04-28 22:00:44	1	255	1	0
      899	2015-04-28 22:02:38	1	255	1	0
      899	2015-04-28 22:02:42	1	255	1	0
      899	2015-04-28 22:02:46	1	255	1	0
      862	2015-04-28 22:08:50	1	255	1	0
      862	2015-04-28 22:08:55	1	255	1	0
      862	2015-04-28 22:08:58	1	255	1	0
      860	2015-04-28 22:12:52	1	255	1	0
      860	2015-04-28 22:12:57	1	255	1	0
      860	2015-04-28 22:13:00	1	255	1	0
      902	2015-04-28 22:19:46	1	255	1	0
      902	2015-04-28 22:19:51	1	255	1	0
      902	2015-04-28 22:19:55	1	255	1	0
      901	2015-04-29 18:48:29	1	255	1	0
      901	2015-04-29 18:51:05	1	255	1	0
      832	2015-04-29 18:53:25	1	255	1	0
      832	2015-04-29 18:53:31	1	255	1	0
        1	2015-04-29 18:53:46	1	255	1	0
      900	2015-04-29 19:45:52	1	255	1	0
      900	2015-04-29 19:45:58	1	255	1	0
      900	2015-04-29 19:46:03	1	255	1	0
      901	2015-04-29 19:48:22	1	255	1	0
      895	2015-04-29 19:50:56	1	255	1	0
      895	2015-04-29 19:51:01	1	255	1	0
      895	2015-04-29 19:51:06	1	255	1	0
      901	2015-04-29 19:51:26	1	255	1	0
      866	2015-04-29 19:53:00	1	255	1	0
      866	2015-04-29 19:53:05	1	255	1	0
      866	2015-04-29 19:53:09	1	255	1	0
      901	2015-04-29 19:54:38	1	255	1	0
      874	2015-04-29 19:59:25	1	255	1	0
      874	2015-04-29 19:59:32	1	255	1	0
      856	2015-04-29 20:56:00	1	255	1	0
      856	2015-04-29 20:56:05	1	255	1	0
      856	2015-04-29 20:56:10	1	255	1	0
      886	2015-04-29 21:01:14	1	255	1	0
      886	2015-04-29 21:01:22	1	255	1	0
      886	2015-04-29 21:01:30	1	255	1	0
      893	2015-04-29 21:03:47	1	255	1	0
      893	2015-04-29 21:04:22	1	255	1	0
      893	2015-04-29 21:04:30	1	255	1	0
      860	2015-04-29 21:05:20	1	255	1	0
      860	2015-04-29 21:05:27	1	255	1	0
      832	2015-04-29 21:05:37	1	255	1	0
      886	2015-04-29 21:05:45	1	255	1	0
      901	2015-04-29 21:33:30	1	255	1	0
      901	2015-04-29 21:35:38	1	255	1	0
      880	2015-04-29 21:37:54	1	255	1	0
      880	2015-04-29 21:38:00	1	255	1	0
      880	2015-04-29 21:38:08	1	255	1	0
      832	2015-04-29 22:13:31	1	255	1	0
      902	2015-04-30 18:32:40	1	255	1	0
      101	2015-04-30 19:43:41	1	255	1	0
      899	2015-04-30 19:44:52	1	255	1	0
      899	2015-04-30 19:44:55	1	255	1	0
      852	2015-04-30 19:53:40	1	255	1	0
      832	2015-04-30 19:59:25	1	255	1	0
      868	2015-04-30 21:01:30	1	255	1	0
      868	2015-04-30 21:01:37	1	255	1	0
      872	2015-04-30 21:03:21	1	255	1	0
      872	2015-04-30 21:03:26	1	255	1	0
      896	2015-04-30 21:04:42	1	255	1	0
      896	2015-04-30 21:04:46	1	255	1	0
      896	2015-04-30 21:04:51	1	255	1	0
      892	2015-04-30 21:07:40	1	255	1	0
      868	2015-04-30 21:07:45	1	255	1	0
      892	2015-04-30 21:07:59	1	255	1	0
      892	2015-04-30 21:08:09	1	255	1	0
      888	2015-04-30 21:22:32	1	255	1	0
      888	2015-04-30 21:22:38	1	255	1	0
      888	2015-04-30 21:22:42	1	255	1	0
      846	2015-04-30 21:40:59	1	255	1	0
      846	2015-04-30 21:41:03	1	255	1	0
      846	2015-04-30 21:41:08	1	255	1	0
      894	2015-04-30 21:47:06	1	255	1	0
      894	2015-04-30 21:47:14	1	255	1	0
      902	2015-04-30 21:47:22	1	255	1	0
      901	2015-04-30 21:57:52	1	255	1	0
      850	2015-04-30 21:59:21	1	255	1	0
      850	2015-04-30 21:59:27	1	255	1	0
      850	2015-04-30 21:59:45	1	255	1	0
      860	2015-04-30 22:10:22	1	255	1	0
      860	2015-04-30 22:10:29	1	255	1	0
      860	2015-04-30 22:10:35	1	255	1	0
      860	2015-05-04 18:26:20	1	255	1	0
      860	2015-05-04 18:26:24	1	255	1	0
      896	2015-05-04 18:27:51	1	255	1	0
      868	2015-05-04 18:31:09	1	255	1	0
      832	2015-05-04 18:34:54	1	255	1	0
      898	2015-05-04 18:37:16	1	255	1	0
      898	2015-05-04 18:37:21	1	255	1	0
      882	2015-05-04 18:39:17	1	255	1	0
      882	2015-05-04 18:39:24	1	255	1	0
      882	2015-05-04 18:39:29	1	255	1	0
      901	2015-05-04 18:40:19	1	255	1	0
      844	2015-05-04 18:41:45	1	255	1	0
      844	2015-05-04 18:41:52	1	255	1	0
      901	2015-05-04 18:42:11	1	255	1	0
      840	2015-05-04 18:43:30	1	255	1	0
      840	2015-05-04 18:43:36	1	255	1	0
      840	2015-05-04 18:43:40	1	255	1	0
      897	2015-05-04 18:45:45	1	255	1	0
      897	2015-05-04 18:45:52	1	255	1	0
      875	2015-05-04 21:56:38	1	255	1	0
      875	2015-05-04 21:56:49	1	255	1	0
      876	2015-05-04 21:56:56	1	255	1	0
      864	2015-05-05 18:42:23	1	255	1	0
      864	2015-05-05 18:42:29	1	255	1	0
      864	2015-05-05 18:42:36	1	255	1	0
      832	2015-05-05 18:43:37	1	255	1	0
      901	2015-05-05 21:09:55	1	255	1	0
      858	2015-05-05 21:11:38	1	255	1	0
      858	2015-05-05 21:11:45	1	255	1	0
      858	2015-05-05 21:11:50	1	255	1	0
      836	2015-05-05 21:13:27	1	255	1	0
      836	2015-05-05 21:13:32	1	255	1	0
      836	2015-05-05 21:26:13	1	255	1	0
      864	2015-05-06 18:27:35	1	255	1	0
      898	2015-05-06 18:31:20	1	255	1	0
      902	2015-05-06 18:31:51	1	255	1	0
      880	2015-05-06 18:36:53	1	255	1	0
      100	2015-05-07 18:33:51	1	255	1	0
      864	2015-05-07 18:34:31	1	255	1	0
      868	2015-05-07 18:35:08	1	255	1	0
        1	2015-05-07 20:09:19	1	255	1	0
      886	2015-05-07 20:09:27	1	255	1	0
      901	2015-05-08 18:25:55	1	255	1	0
      902	2015-05-08 18:26:03	1	255	1	0
      876	2015-05-08 18:26:08	1	255	1	0
      860	2015-05-08 18:27:28	1	255	1	0
      860	2015-05-08 18:27:32	1	255	1	0
      868	2015-05-08 18:29:51	1	255	1	0
      868	2015-05-08 18:30:04	1	255	1	0
      832	2015-05-08 18:30:42	1	255	1	0
      856	2015-05-08 18:31:22	1	255	1	0
      856	2015-05-08 18:31:28	1	255	1	0
      852	2015-05-08 18:34:50	1	255	1	0
      880	2015-05-08 18:38:17	1	255	1	0
      899	2015-05-08 18:44:15	1	255	1	0
      899	2015-05-08 18:44:19	1	255	1	0
      858	2015-05-08 18:45:22	1	255	1	0
      874	2015-05-08 18:47:54	1	255	1	0
        1	2015-05-08 19:44:09	1	255	1	0
      860	2015-05-08 19:51:18	1	255	1	0
      860	2015-05-08 19:51:33	1	255	1	0
      860	2015-05-08 19:51:37	1	255	1	0
      898	2015-05-08 19:53:49	1	255	1	0
      880	2015-05-08 19:58:58	1	255	1	0
      832	2015-05-08 20:03:51	1	255	1	0
      860	2015-05-08 20:51:19	1	255	1	0
      860	2015-05-08 20:51:23	1	255	1	0
      844	2015-05-08 21:16:04	1	255	1	0
      844	2015-05-08 22:11:52	1	255	1	0
      898	2015-05-08 22:14:30	1	255	1	0
      836	2015-05-08 22:14:35	1	255	1	0
      898	2015-05-08 22:14:41	1	255	1	0
      852	2015-05-08 22:15:16	1	255	1	0
      860	2015-05-08 22:15:22	1	255	1	0
      860	2015-05-08 22:15:27	1	255	1	0
      832	2015-05-08 22:15:32	1	255	1	0
        1	2015-05-08 22:15:37	1	255	1	0
      856	2015-05-08 22:15:54	1	255	1	0
      876	2015-05-08 22:17:37	1	255	1	0
      886	2015-05-08 22:18:51	1	255	1	0
      876	2015-05-11 18:27:22	1	255	1	0
      876	2015-05-11 18:27:26	1	255	1	0
      898	2015-05-11 18:28:01	1	255	1	0
      860	2015-05-11 18:29:01	1	255	1	0
      860	2015-05-11 18:29:04	1	255	1	0
      898	2015-05-11 18:29:19	1	255	1	0
      860	2015-05-11 18:29:41	1	255	1	0
      874	2015-05-11 18:30:04	1	255	1	0
      896	2015-05-11 18:31:41	1	255	1	0
      868	2015-05-11 18:33:42	1	255	1	0
      902	2015-05-11 18:33:47	1	255	1	0
      864	2015-05-11 18:34:38	1	255	1	0
      882	2015-05-11 18:35:56	1	255	1	0
      882	2015-05-11 18:36:01	1	255	1	0
      880	2015-05-11 18:36:16	1	255	1	0
      880	2015-05-11 18:36:20	1	255	1	0
      901	2015-05-11 18:37:43	1	255	1	0
      844	2015-05-11 18:39:27	1	255	1	0
      844	2015-05-11 18:39:32	1	255	1	0
        1	2015-05-11 19:46:28	1	255	1	0
      872	2015-05-11 19:51:09	1	255	1	0
      874	2015-05-11 19:56:16	1	255	1	0
      864	2015-05-11 19:58:34	1	255	1	0
      886	2015-05-11 20:30:07	1	255	1	0
      852	2015-05-11 20:35:35	1	255	1	0
      895	2015-05-11 20:57:20	1	255	1	0
      872	2015-05-11 21:02:37	1	255	1	0
      844	2015-05-11 21:08:06	1	255	1	0
        1	2015-05-11 21:11:44	1	255	1	0
      880	2015-05-11 21:26:30	1	255	1	0
      896	2015-05-11 22:15:17	1	255	1	0
      898	2015-05-11 22:15:21	1	255	1	0
      898	2015-05-11 22:15:27	1	255	1	0
      902	2015-05-11 22:16:50	1	255	1	0
      895	2015-05-11 22:18:35	1	255	1	0
      860	2015-05-11 22:19:17	1	255	1	0
      860	2015-05-11 22:19:22	1	255	1	0
      886	2015-05-11 22:20:27	1	255	1	0
      886	2015-05-11 22:20:35	1	255	1	0
      856	2015-05-11 22:20:42	1	255	1	0
      852	2015-05-11 22:23:09	1	255	1	0
      901	2015-05-11 22:23:39	1	255	1	0
      832	2015-05-11 22:23:44	1	255	1	0
      876	2015-05-11 22:24:24	1	255	1	0
      876	2015-05-12 18:26:53	1	255	1	0
      864	2015-05-12 18:27:20	1	255	1	0
      862	2015-05-12 18:27:28	1	255	1	0
      852	2015-05-12 18:28:10	1	255	1	0
      868	2015-05-12 18:30:11	1	255	1	0
      895	2015-05-12 18:31:11	1	255	1	0
      868	2015-05-12 18:31:24	1	255	1	0
      860	2015-05-12 18:34:19	1	255	1	0
      860	2015-05-12 18:34:22	1	255	1	0
      901	2015-05-12 18:34:27	1	255	1	0
      902	2015-05-12 18:38:34	1	255	1	0
      886	2015-05-12 18:38:43	1	255	1	0
      844	2015-05-12 18:39:09	1	255	1	0
      844	2015-05-12 18:39:12	1	255	1	0
      844	2015-05-12 18:39:16	1	255	1	0
      844	2015-05-12 18:39:19	1	255	1	0
      844	2015-05-12 18:39:23	1	255	1	0
      844	2015-05-12 18:39:29	1	255	1	0
      899	2015-05-12 19:39:43	1	255	1	0
      899	2015-05-12 19:39:46	1	255	1	0
      856	2015-05-12 19:45:37	1	255	1	0
        1	2015-05-12 19:45:47	1	255	1	0
      895	2015-05-12 19:49:06	1	255	1	0
      844	2015-05-12 19:52:51	1	255	1	0
      860	2015-05-12 19:56:32	1	255	1	0
      860	2015-05-12 19:56:35	1	255	1	0
      880	2015-05-12 19:56:47	1	255	1	0
      868	2015-05-12 20:02:41	1	255	1	0
      858	2015-05-12 20:46:59	1	255	1	0
      860	2015-05-12 20:53:37	1	255	1	0
      880	2015-05-12 21:08:57	1	255	1	0
      886	2015-05-12 21:59:18	1	255	1	0
      886	2015-05-12 21:59:39	1	255	1	0
      858	2015-05-12 22:15:02	1	255	1	0
      858	2015-05-12 22:15:13	1	255	1	0
      901	2015-05-12 22:15:40	1	255	1	0
      902	2015-05-12 22:15:47	1	255	1	0
      899	2015-05-12 22:15:56	1	255	1	0
      862	2015-05-12 22:16:08	1	255	1	0
      856	2015-05-12 22:16:26	1	255	1	0
      852	2015-05-12 22:16:41	1	255	1	0
      860	2015-05-12 22:16:50	1	255	1	0
      860	2015-05-12 22:16:54	1	255	1	0
      876	2015-05-13 17:58:44	1	255	1	0
      876	2015-05-13 20:27:56	1	255	1	0
      876	2015-05-14 18:22:17	1	255	1	0
      896	2015-05-14 18:25:33	1	255	1	0
      880	2015-05-14 18:25:55	1	255	1	0
      895	2015-05-14 18:30:30	1	255	1	0
      901	2015-05-14 18:31:18	1	255	1	0
      862	2015-05-14 18:31:23	1	255	1	0
      856	2015-05-14 18:31:31	1	255	1	0
      902	2015-05-14 18:33:05	1	255	1	0
      832	2015-05-14 18:33:39	1	255	1	0
      844	2015-05-14 18:36:17	1	255	1	0
      844	2015-05-14 18:36:20	1	255	1	0
      864	2015-05-14 18:39:15	1	255	1	0
      868	2015-05-14 18:39:34	1	255	1	0
      868	2015-05-14 18:39:46	1	255	1	0
        1	2015-05-14 19:42:26	1	255	1	0
      899	2015-05-14 19:44:27	1	255	1	0
      899	2015-05-14 19:44:30	1	255	1	0
      862	2015-05-14 19:49:03	1	255	1	0
      844	2015-05-14 19:50:16	1	255	1	0
      844	2015-05-14 19:50:24	1	255	1	0
      852	2015-05-14 19:57:14	1	255	1	0
      872	2015-05-14 19:57:21	1	255	1	0
      860	2015-05-14 20:42:17	1	255	1	0
      872	2015-05-14 21:01:41	1	255	1	0
      896	2015-05-14 22:15:49	1	255	1	0
      899	2015-05-14 22:16:09	1	255	1	0
      899	2015-05-14 22:16:13	1	255	1	0
      868	2015-05-14 22:16:28	1	255	1	0
      902	2015-05-14 22:16:41	1	255	1	0
      902	2015-05-14 22:16:48	1	255	1	0
        1	2015-05-14 22:16:55	1	255	1	0
        1	2015-05-14 22:17:01	1	255	1	0
      886	2015-05-14 22:17:07	1	255	1	0
      860	2015-05-14 22:17:52	1	255	1	0
      860	2015-05-14 22:17:55	1	255	1	0
      901	2015-05-14 22:18:57	1	255	1	0
      880	2015-05-14 22:19:27	1	255	1	0
      876	2015-05-15 18:05:05	1	255	1	0
      874	2015-05-15 18:26:31	1	255	1	0
      868	2015-05-15 18:30:03	1	255	1	0
      852	2015-05-15 18:30:48	1	255	1	0
      880	2015-05-15 18:32:54	1	255	1	0
      902	2015-05-15 18:33:49	1	255	1	0
      860	2015-05-15 18:34:48	1	255	1	0
      860	2015-05-15 18:34:53	1	255	1	0
      856	2015-05-15 18:37:56	1	255	1	0
      899	2015-05-15 18:43:26	1	255	1	0
      858	2015-05-15 18:50:08	1	255	1	0
      901	2015-05-15 19:06:43	1	255	1	0
      832	2015-05-15 19:06:49	1	255	1	0
        1	2015-05-15 19:47:49	1	255	1	0
      898	2015-05-15 19:51:22	1	255	1	0
      880	2015-05-15 19:52:14	1	255	1	0
      844	2015-05-15 19:55:31	1	255	1	0
      872	2015-05-15 19:56:22	1	255	1	0
      860	2015-05-15 20:02:34	1	255	1	0
      860	2015-05-15 20:02:40	1	255	1	0
      902	2015-05-15 20:09:04	1	255	1	0
      860	2015-05-15 20:48:48	1	255	1	0
      899	2015-05-15 21:02:58	1	255	1	0
      844	2015-05-15 22:15:03	1	255	1	0
      832	2015-05-15 22:15:09	1	255	1	0
      858	2015-05-15 22:15:14	1	255	1	0
      868	2015-05-15 22:15:31	1	255	1	0
      856	2015-05-15 22:15:41	1	255	1	0
      898	2015-05-15 22:15:48	1	255	1	0
        1	2015-05-15 22:16:32	1	255	1	0
      852	2015-05-15 22:19:32	1	255	1	0
      860	2015-05-15 22:20:24	1	255	1	0
      901	2015-05-15 22:20:50	1	255	1	0
      832	2015-05-15 22:22:14	1	255	1	0
      832	2015-05-15 22:22:48	1	255	1	0
      886	2015-05-15 22:22:50	1	255	1	0
      876	2015-05-15 22:24:21	1	255	1	0
      876	2015-05-18 18:25:49	1	255	1	0
      876	2015-05-19 18:02:22	1	255	1	0
      862	2015-05-19 18:24:54	1	255	1	0
      902	2015-05-19 18:29:51	1	255	1	0
      868	2015-05-19 18:29:54	1	255	1	0
      895	2015-05-19 18:31:00	1	255	1	0
      886	2015-05-19 18:31:51	1	255	1	0
      852	2015-05-19 18:33:40	1	255	1	0
      860	2015-05-19 18:33:45	1	255	1	0
      860	2015-05-19 18:33:48	1	255	1	0
      844	2015-05-19 18:39:51	1	255	1	0
      844	2015-05-19 18:39:55	1	255	1	0
      832	2015-05-19 18:48:33	1	255	1	0
      899	2015-05-19 19:40:52	1	255	1	0
      899	2015-05-19 19:40:55	1	255	1	0
        1	2015-05-19 19:46:09	1	255	1	0
      856	2015-05-19 19:47:54	1	255	1	0
      880	2015-05-19 19:57:46	1	255	1	0
      895	2015-05-19 19:58:36	1	255	1	0
      860	2015-05-19 19:59:25	1	255	1	0
      866	2015-05-19 20:47:29	1	255	1	0
      858	2015-05-19 20:56:26	1	255	1	0
      858	2015-05-19 20:56:49	1	255	1	0
      860	2015-05-19 20:57:05	1	255	1	0
      880	2015-05-19 21:06:42	1	255	1	0
      886	2015-05-19 21:06:56	1	255	1	0
      852	2015-05-19 22:14:04	1	255	1	0
      862	2015-05-19 22:15:03	1	255	1	0
      860	2015-05-19 22:16:21	1	255	1	0
      856	2015-05-19 22:16:30	1	255	1	0
        1	2015-05-19 22:18:56	1	255	1	0
      902	2015-05-19 22:19:08	1	255	1	0
      858	2015-05-19 22:21:47	1	255	1	0
      899	2015-05-19 22:23:12	1	255	1	0
      876	2015-05-19 22:23:19	1	255	1	0
      876	2015-05-20 18:22:28	1	255	1	0
      832	2015-05-20 18:27:31	1	255	1	0
      902	2015-05-20 18:27:39	1	255	1	0
      860	2015-05-20 18:27:59	1	255	1	0
      860	2015-05-20 18:28:03	1	255	1	0
      882	2015-05-20 18:28:37	1	255	1	0
        1	2015-05-20 18:31:42	1	255	1	0
      880	2015-05-20 18:34:10	1	255	1	0
      868	2015-05-20 18:34:53	1	255	1	0
      898	2015-05-20 18:36:15	1	255	1	0
      864	2015-05-20 18:38:48	1	255	1	0
      850	2015-05-20 18:44:01	1	255	1	0
      858	2015-05-20 18:47:31	1	255	1	0
      858	2015-05-20 18:47:37	1	255	1	0
      895	2015-05-20 18:50:42	1	255	1	0
      866	2015-05-20 18:55:26	1	255	1	0
      901	2015-05-20 19:04:59	1	255	1	0
      886	2015-05-20 19:47:37	1	255	1	0
      856	2015-05-20 19:49:58	1	255	1	0
      898	2015-05-20 20:15:46	1	255	1	0
      876	2015-05-20 20:20:14	1	255	1	0
      876	2015-05-21 18:06:02	1	255	1	0
      862	2015-05-21 18:21:11	1	255	1	0
      864	2015-05-21 18:21:34	1	255	1	0
      896	2015-05-21 18:24:50	1	255	1	0
      902	2015-05-21 18:25:21	1	255	1	0
      895	2015-05-21 18:30:39	1	255	1	0
      901	2015-05-21 18:32:26	1	255	1	0
      868	2015-05-21 18:33:48	1	255	1	0
      880	2015-05-21 18:35:24	1	255	1	0
      856	2015-05-21 18:35:38	1	255	1	0
      844	2015-05-21 18:41:54	1	255	1	0
      844	2015-05-21 18:41:57	1	255	1	0
      899	2015-05-21 19:41:49	1	255	1	0
        1	2015-05-21 19:47:07	1	255	1	0
      844	2015-05-21 19:53:46	1	255	1	0
      872	2015-05-21 19:54:11	1	255	1	0
      860	2015-05-21 20:48:25	1	255	1	0
      860	2015-05-21 20:48:32	1	255	1	0
      872	2015-05-21 21:10:15	1	255	1	0
      862	2015-05-21 21:10:51	1	255	1	0
      899	2015-05-21 22:14:16	1	255	1	0
      832	2015-05-21 22:14:21	1	255	1	0
        1	2015-05-21 22:14:53	1	255	1	0
      868	2015-05-21 22:15:00	1	255	1	0
      902	2015-05-21 22:16:39	1	255	1	0
      860	2015-05-21 22:17:08	1	255	1	0
      880	2015-05-21 22:18:15	1	255	1	0
      886	2015-05-21 22:18:26	1	255	1	0
      901	2015-05-21 22:20:08	1	255	1	0
      899	2015-05-22 18:12:01	1	255	1	0
      876	2015-05-22 18:12:14	1	255	1	0
      876	2015-05-22 18:12:40	1	255	1	0
      902	2015-05-22 18:23:21	1	255	1	0
      832	2015-05-22 18:23:43	1	255	1	0
      856	2015-05-22 18:29:36	1	255	1	0
      860	2015-05-22 18:30:57	1	255	1	0
      880	2015-05-22 18:31:43	1	255	1	0
      868	2015-05-22 18:33:06	1	255	1	0
      832	2015-05-22 18:34:49	1	255	1	0
      858	2015-05-22 18:41:57	1	255	1	0
      874	2015-05-22 18:46:39	1	255	1	0
        1	2015-05-22 19:42:56	1	255	1	0
      902	2015-05-22 19:54:53	1	255	1	0
      860	2015-05-22 19:57:47	1	255	1	0
      898	2015-05-22 19:59:31	1	255	1	0
      872	2015-05-22 20:06:00	1	255	1	0
